80.33333333333333
46.666666666666664
72.33333333333333
61.0
77.33333333333333
65.0
53.333333333333336
35.0
60.0
67.33333333333333
72.33333333333333
52.0
36.0
77.33333333333333
77.33333333333333
64.66666666666667
71.0
63.333333333333336
47.0
46.666666666666664
88.66666666666667
48.666666666666664
59.333333333333336
92.0
49.666666666666664
81.0
61.333333333333336
57.0
67.0
43.666666666666664
83.66666666666667
64.0
71.33333333333333
49.666666666666664
49.0
54.666666666666664
80.66666666666667
51.0
53.0
38.0
44.666666666666664
50.666666666666664
81.33333333333333
53.666666666666664
44.666666666666664
73.66666666666667
78.0
71.33333333333333
61.0
63.333333333333336
64.33333333333333
45.0
39.0
32.333333333333336
54.333333333333336
59.0
66.66666666666667
73.33333333333333
63.666666666666664
43.666666666666664
73.33333333333333
77.0
57.666666666666664
80.66666666666667
67.0
87.0
56.666666666666664
59.333333333333336
41.333333333333336
76.66666666666667
91.0
45.0
73.33333333333333
54.0
76.33333333333333
70.33333333333333
64.0
80.33333333333333
59.666666666666664
54.333333333333336
72.66666666666667
83.66666666666667
89.0
50.333333333333336
75.0
71.0
65.66666666666667
66.0
69.0
71.66666666666667
71.66666666666667
69.33333333333333
68.66666666666667
44.333333333333336
62.666666666666664
48.333333333333336
60.0
55.0
47.333333333333336
65.33333333333333
59.0
52.333333333333336
58.0
74.33333333333333
66.33333333333333
83.0
60.666666666666664
47.0
45.333333333333336
43.0
44.666666666666664
66.66666666666667
56.333333333333336
74.0
75.0
52.0
55.0
52.0
62.333333333333336
63.0
38.0
68.66666666666667
78.66666666666667
43.666666666666664
62.333333333333336
48.0
61.333333333333336
57.666666666666664
54.0
53.333333333333336
75.33333333333333
66.66666666666667
54.0
61.333333333333336
73.33333333333333
83.0
60.333333333333336
61.333333333333336
40.666666666666664
38.333333333333336
70.0
78.33333333333333
57.333333333333336
76.33333333333333
72.33333333333333
40.333333333333336
78.33333333333333
45.666666666666664
64.0
54.666666666666664
71.66666666666667
80.33333333333333
65.66666666666667
59.333333333333336
48.0
60.0
53.0
79.33333333333333
52.0
65.66666666666667
69.0
67.0
64.66666666666667
58.666666666666664
64.66666666666667
56.0
44.666666666666664
71.33333333333333
64.33333333333333
58.0
63.666666666666664
67.66666666666667
65.0
49.0
54.0
74.33333333333333
58.333333333333336
53.333333333333336
44.666666666666664
66.0
47.0
63.0 60.05524861878453 62.386740331491715